  1550     0.094
  1551     0.126
  1552     0.117
  1553     0.078
  1554     0.013
  1555    -0.007
  1556     0.050
  1557    -0.018
  1558     0.127
  1559    -0.024
  1560     0.170
  1561     0.095
  1562     0.146
  1563     0.208
  1564     0.263
  1565     0.270
  1566     0.173
  1567     0.080
  1568     0.122
  1569     0.179
  1570     0.121
  1571    -0.005
  1572    -0.020
  1573    -0.007
  1574     0.022
  1575     0.192
  1576     0.147
  1577     0.050
  1578    -0.091
  1579    -0.156
  1580    -0.106
  1581    -0.045
  1582     0.040
  1583     0.091
  1584    -0.030
  1585    -0.073
  1586    -0.055
  1587    -0.125
  1588     0.011
  1589    -0.076
  1590    -0.023
  1591    -0.031
  1592     0.019
  1593    -0.110
  1594     0.054
  1595    -0.008
  1596    -0.064
  1597    -0.043
  1598     0.020
  1599    -0.046
  1600    -0.007
  1601    -0.437
  1602    -0.233
  1603    -0.106
  1604    -0.095
  1605    -0.196
  1606    -0.180
  1607    -0.100
  1608    -0.111
  1609    -0.095
  1610    -0.020
  1611     0.103
  1612     0.029
  1613     0.083
  1614     0.053
  1615    -0.018
  1616     0.162
  1617     0.129
  1618    -0.020
  1619     0.060
  1620    -0.029
  1621    -0.055
  1622    -0.019
  1623    -0.110
  1624    -0.164
  1625    -0.155
  1626    -0.077
  1627    -0.083
  1628     0.011
  1629     0.118
  1630     0.028
  1631    -0.023
  1632     0.062
  1633     0.005
  1634     0.210
  1635     0.099
  1636     0.191
  1637     0.098
  1638     0.073
  1639     0.013
  1640     0.122
  1641    -0.250
  1642    -0.178
  1643    -0.212
  1644    -0.155
  1645    -0.115
  1646    -0.143
  1647    -0.118
  1648    -0.038
  1649     0.030
  1650     0.010
  1651     0.114
  1652    -0.067
  1653    -0.014
  1654     0.020
  1655     0.126
  1656     0.168
  1657     0.227
  1658     0.160
  1659     0.148
  1660     0.209
  1661     0.206
  1662     0.103
  1663    -0.049
  1664     0.094
  1665     0.008
  1666    -0.040
  1667    -0.052
  1668    -0.073
  1669    -0.075
  1670    -0.149
  1671    -0.006
  1672    -0.059
  1673    -0.117
  1674    -0.100
  1675    -0.107
  1676    -0.096
  1677    -0.154
  1678    -0.134
  1679    -0.144
  1680    -0.175
  1681    -0.094
  1682    -0.009
  1683     0.097
  1684     0.114
  1685    -0.018
  1686     0.159
  1687     0.110
  1688     0.105
  1689     0.255
  1690     0.166
  1691     0.164
  1692     0.141
  1693     0.183
  1694     0.148
  1695    -0.045
  1696    -0.041
  1697    -0.085
  1698    -0.188
  1699    -0.355
  1700    -0.158
  1701    -0.240
  1702    -0.192
  1703    -0.050
  1704    -0.220
  1705    -0.247
  1706    -0.181
  1707    -0.071
  1708    -0.114
  1709    -0.086
  1710     0.014
  1711    -0.032
  1712     0.111
  1713     0.078
  1714    -0.094
  1715    -0.014
  1716    -0.000
  1717    -0.058
  1718     0.035
  1719    -0.029
  1720     0.128
  1721     0.026
  1722     0.212
  1723     0.040
  1724     0.081
  1725     0.057
  1726     0.085
  1727     0.082
  1728     0.099
  1729     0.136
  1730     0.078
  1731    -0.032
  1732     0.054
  1733     0.010
  1734     0.131
  1735    -0.002
  1736    -0.010
  1737    -0.018
  1738    -0.040
  1739     0.085
  1740    -0.057
  1741     0.022
  1742    -0.199
  1743     0.005
  1744    -0.039
  1745    -0.147
  1746    -0.173
  1747     0.063
  1748     0.041
  1749    -0.013
