  1350    -0.228
  1351     0.024
  1352    -0.117
  1353    -0.196
  1354    -0.098
  1355    -0.151
  1356    -0.085
  1357    -0.041
  1358    -0.082
  1359    -0.136
  1360    -0.172
  1361    -0.178
  1362    -0.093
  1363    -0.197
  1364     0.068
  1365     0.017
  1366     0.138
  1367     0.053
  1368     0.196
  1369    -0.057
  1370    -0.063
  1371     0.012
  1372     0.181
  1373     0.058
  1374     0.198
  1375    -0.037
  1376     0.047
  1377    -0.123
  1378    -0.000
  1379    -0.018
  1380     0.018
  1381     0.090
  1382     0.064
  1383     0.069
  1384     0.051
  1385     0.067
  1386     0.191
  1387    -0.016
  1388    -0.009
  1389    -0.004
  1390     0.047
  1391     0.103
  1392    -0.026
  1393     0.008
  1394     0.081
  1395    -0.045
  1396     0.013
  1397    -0.012
  1398    -0.049
  1399    -0.179
  1400    -0.093
  1401     0.029
  1402     0.048
  1403     0.101
  1404     0.165
  1405     0.045
  1406     0.227
  1407     0.066
  1408     0.058
  1409     0.091
  1410     0.014
  1411     0.162
  1412     0.050
  1413     0.080
  1414    -0.076
  1415     0.070
  1416     0.015
  1417    -0.013
  1418     0.002
  1419    -0.001
  1420     0.121
  1421     0.129
  1422     0.002
  1423    -0.029
  1424     0.191
  1425     0.110
  1426     0.097
  1427     0.172
  1428     0.157
  1429     0.149
  1430     0.092
  1431     0.237
  1432     0.215
  1433     0.102
  1434     0.131
  1435     0.106
  1436     0.141
  1437     0.188
  1438    -0.024
  1439    -0.032
  1440     0.014
  1441     0.025
  1442     0.011
  1443     0.109
  1444     0.008
  1445     0.162
  1446     0.036
  1447     0.062
  1448    -0.096
  1449    -0.101
  1450    -0.124
  1451    -0.019
  1452    -0.048
  1453    -0.265
  1454    -0.121
  1455    -0.288
  1456    -0.275
  1457    -0.209
  1458    -0.151
  1459    -0.170
  1460    -0.018
  1461    -0.165
  1462    -0.090
  1463    -0.158
  1464    -0.122
  1465    -0.046
  1466    -0.222
  1467    -0.075
  1468    -0.111
  1469    -0.055
  1470    -0.018
  1471    -0.157
  1472    -0.204
  1473    -0.142
  1474    -0.239
  1475    -0.165
  1476    -0.218
  1477    -0.101
  1478    -0.053
  1479    -0.055
  1480    -0.066
  1481    -0.128
  1482     0.036
  1483    -0.133
  1484     0.106
  1485     0.096
  1486    -0.004
  1487     0.075
  1488     0.059
  1489     0.203
  1490     0.188
  1491     0.122
  1492     0.003
  1493     0.050
  1494     0.038
  1495    -0.035
  1496     0.086
  1497    -0.106
  1498    -0.095
  1499     0.039
  1500     0.015
  1501     0.061
  1502     0.050
  1503     0.024
  1504     0.121
  1505     0.072
  1506     0.126
  1507     0.036
  1508     0.122
  1509     0.077
  1510     0.121
  1511     0.003
  1512     0.148
  1513     0.081
  1514     0.052
  1515     0.013
  1516    -0.096
  1517     0.035
  1518    -0.058
  1519    -0.026
  1520    -0.076
  1521    -0.085
  1522    -0.111
  1523    -0.128
  1524    -0.128
  1525     0.013
  1526    -0.018
  1527     0.103
  1528    -0.087
  1529     0.018
  1530     0.126
  1531     0.053
  1532     0.052
  1533    -0.029
  1534     0.026
  1535     0.128
  1536     0.064
  1537     0.108
  1538     0.055
  1539     0.151
  1540    -0.039
  1541    -0.004
  1542    -0.114
  1543    -0.148
  1544    -0.206
  1545     0.071
  1546    -0.025
  1547    -0.041
  1548    -0.029
  1549    -0.036
